AND 1.161 35.61 2.065 42.33
AND 0.14 29.08 0.655 30.86
AND 23.031 42.33 23.626 46.44
AND 23.626 46.44 0.946 38.5
AND 0.615 33.71 0.14 29.08
AND 0.655 30.86 1.161 35.61
AND 0.946 38.5 1.158 47.25
AND 0.946 38.5 0.615 33.71
ANT 10.453 -31.06 10.945 -37.13
ANT 10.453 -31.06 9.486 -35.95
APS 14.798 -79.05 16.448 -78.73
APS 16.338 -78.7 16.558 -78.89
APS 16.338 -78.7 16.718 -77.51
APS 16.558 -78.89 16.718 -77.51
AQL 18.993 15.06 19.09 13.86
AQL 19.028 -5.73 19.103 -4.88
AQL 19.09 13.86 19.771 10.61
AQL 19.103 -4.88 19.425 3.11
AQL 19.425 3.11 19.771 10.61
AQL 19.611 -1.28 19.103 -4.88
AQL 19.771 10.61 19.846 8.86
AQL 19.846 8.86 19.921 6.4
AQL 19.874 1.0 19.611 -1.28
AQL 19.921 6.4 20.188 -0.81
AQL 20.188 -0.81 19.874 1.0
AQR 20.794 -9.49 21.526 -5.56
AQR 21.526 -5.56 22.055 -2.15
AQR 22.055 -2.15 22.361 -1.38
AQR 22.361 -1.38 22.479 -0.01
AQR 22.479 -0.01 22.421 1.38
AQR 22.479 -0.01 22.59 -0.11
AQR 22.479 -0.01 22.876 -7.58
AQR 22.826 -13.59 22.91 -15.81
AQR 22.876 -7.58 22.826 -13.59
AQR 22.91 -15.81 23.156 -21.16
AQR 23.156 -21.16 23.433 -20.64
AQR 23.238 -6.05 22.876 -7.58
AQR 23.316 -9.61 23.238 -6.05
AQR 23.433 -20.64 23.766 -18.68
AQR 23.711 -14.54 23.316 -9.61
AQR 23.766 -18.68 23.711 -14.54
ARA 16.976 -55.98 16.83 -59.03
ARA 16.976 -55.98 16.993 -53.16
ARA 17.421 -55.53 16.976 -55.98
ARA 17.421 -55.53 17.423 -56.38
ARA 17.423 -56.38 17.518 -60.68
ARA 17.529 -49.88 17.421 -55.53
ARA 18.109 -50.1 17.529 -49.88
ARI 1.891 19.29 1.91 20.79
ARI 1.91 20.79 2.119 23.46
ARI 2.119 23.46 3.193 19.73
AUR 4.949 33.16 5.108 41.23
AUR 5.108 41.23 5.278 45.99
AUR 5.278 45.99 5.991 54.28
AUR 5.438 28.6 4.949 33.16
AUR 5.991 44.95 5.278 45.99
AUR 5.991 44.95 5.994 37.21
AUR 5.991 54.28 5.998 45.93
AUR 5.994 37.21 5.438 28.6
AUR 5.998 45.93 5.991 44.95
BOO 13.911 18.39 13.825 15.79
BOO 14.261 19.18 13.911 18.39
BOO 14.261 19.18 14.529 30.36
BOO 14.261 19.18 14.684 13.73
BOO 14.273 46.08 14.42 51.84
BOO 14.529 30.36 14.534 38.3
BOO 14.534 38.3 14.273 46.08
BOO 14.534 38.3 15.031 40.38
BOO 14.75 27.06 14.261 19.18
BOO 15.031 40.38 15.258 33.31
BOO 15.258 33.31 14.75 27.06
CAE 4.513 -44.94 4.676 -41.86
CAE 4.676 -41.86 4.701 -37.14
CAE 4.701 -37.14 5.073 -35.48
CAM 3.84 71.33 4.899 66.35
CAM 4.899 66.35 5.056 60.44
CAM 4.899 66.35 6.213 65.71
CAM 5.056 60.44 4.954 53.75
CAM 6.213 65.71 6.895 68.88
CAP 20.293 -12.49 20.349 -14.78
CAP 20.349 -14.78 20.768 -25.26
CAP 20.768 -25.26 20.863 -26.91
CAP 20.863 -26.91 21.118 -25.0
CAP 21.098 -17.23 20.301 -12.54
CAP 21.118 -25.0 21.444 -22.41
CAP 21.37 -16.83 21.098 -17.23
CAP 21.444 -22.41 21.618 -19.46
CAP 21.618 -19.46 21.783 -16.13
CAP 21.668 -16.66 21.37 -16.83
CAP 21.783 -16.13 21.668 -16.66
CAR 10.228 -70.03 9.219 -69.71
CAR 10.456 -57.63 10.533 -61.68
CAR 10.533 -61.68 10.716 -64.4
CAR 10.716 -64.4 10.228 -70.03
CAR 6.399 -52.7 7.946 -52.98
CAR 7.946 -52.98 8.374 -59.51
CAR 8.374 -59.51 9.183 -58.96
CAR 8.374 -59.51 9.368 -55.01
CAR 9.219 -69.71 9.785 -65.06
CAR 9.285 -59.28 10.456 -57.63
CAR 9.785 -65.06 9.285 -59.28
CAS 1.43 60.23 1.906 63.66
CAS 0.153 59.14 0.675 56.53
CAS 0.675 56.53 0.944 60.71
CAS 0.944 60.71 1.43 60.23
CEN 11.35 -54.48 12.14 -50.71
CEN 11.596 -63.01 11.35 -54.48
CEN 12.14 -50.71 12.691 -48.96
CEN 12.691 -48.96 13.343 -36.71
CEN 13.343 -36.71 14.111 -36.36
CEN 13.664 -53.46 12.691 -48.96
CEN 13.664 -53.46 14.063 -60.36
CEN 13.924 -47.28 13.664 -53.46
CEN 14.063 -60.36 14.659 -60.83
CEN 14.111 -36.36 14.591 -42.14
CEN 14.591 -42.14 13.924 -47.28
CEN 14.591 -42.14 14.986 -42.09
CEP 21.31 62.58 22.181 58.2
CEP 21.478 70.56 21.31 62.58
CEP 21.478 70.56 22.828 66.2
CEP 22.181 58.2 22.828 66.2
CEP 22.828 66.2 23.655 77.63
CEP 23.655 77.63 21.478 70.56
CET 1.143 -10.18 1.399 -8.18
CET 1.399 -8.18 1.858 -10.33
CET 1.734 -15.93 2.0 -21.08
CET 1.858 -10.33 1.734 -15.93
CET 1.858 -10.33 2.321 -2.98
CET 1.858 -10.33 2.734 -13.86
CET 2.321 -2.98 2.658 0.33
CET 2.47 8.46 2.721 3.23
CET 2.658 0.33 2.721 3.23
CET 2.721 3.23 3.038 4.08
CET 2.748 10.11 2.47 8.46
CET 2.995 8.89 2.748 10.11
CET 3.038 4.08 2.995 8.89
CET 0.323 -8.81 0.726 -17.98
CET 0.726 -17.98 1.143 -10.18
CIR 14.708 -64.98 15.291 -58.79
CIR 14.708 -64.98 15.389 -59.31
CMA 6.751 -16.71 6.378 -17.95
CMA 6.751 -16.71 7.049 -23.83
CMA 6.976 -28.96 6.338 -30.06
CMA 7.028 -27.93 6.976 -28.96
CMA 7.049 -23.83 7.14 -26.39
CMA 7.063 -15.63 6.751 -16.71
CMA 7.14 -26.39 7.028 -27.93
CMA 7.14 -26.39 7.401 -29.3
CMI 7.654 5.21 7.451 8.28
CNC 8.721 21.46 8.778 28.76
CNC 8.744 18.14 8.275 9.18
CNC 8.744 18.14 8.721 21.46
CNC 8.974 11.85 8.744 18.14
COL 5.52 -35.46 5.66 -34.06
COL 5.66 -34.06 5.849 -35.76
COL 5.849 -35.76 5.958 -35.28
COL 5.849 -35.76 5.985 -42.81
COL 5.958 -35.28 6.368 -33.43
CRA 10.996 -18.29 10.826 -16.19
CRA 10.996 -18.29 11.368 -16.22
CRA 11.195 -22.83 10.996 -18.29
CRA 11.321 -14.78 11.409 -10.86
CRA 11.409 -10.86 11.611 -9.8
CRA 11.414 -17.68 11.321 -14.78
CRA 11.746 -18.34 11.414 -17.68
CRA 11.933 -17.14 11.746 -18.34
CRA 18.558 -42.31 18.813 -43.68
CRA 18.813 -43.68 19.051 -42.09
CRA 19.051 -42.09 19.138 -40.5
CRA 19.106 -37.06 18.978 -37.1
CRA 19.138 -40.5 19.166 -39.33
CRA 19.158 -37.89 19.106 -37.06
CRA 19.166 -39.33 19.158 -37.89
CRU 12.519 -57.11 12.443 -63.09
CRU 12.794 -59.68 12.251 -58.75
CRV 12.14 -24.73 12.168 -22.61
CRV 12.168 -22.61 12.573 -23.4
CRV 12.263 -17.55 12.168 -22.61
CRV 12.498 -16.51 12.263 -17.55
CRV 12.573 -23.4 12.498 -16.51
CVN 12.933 38.31 12.561 41.35
CVN 12.933 38.31 13.291 40.56
CYG 19.938 35.08 19.511 27.96
CYG 20.37 40.25 19.75 45.13
CYG 20.37 40.25 19.938 35.08
CYG 20.37 40.25 20.77 33.96
CYG 20.69 45.28 20.37 40.25
DEL 20.625 14.6 20.553 11.29
DEL 20.625 14.6 20.66 15.91
DEL 20.66 15.91 20.778 16.11
DEL 20.725 15.06 20.625 14.6
DEL 20.778 16.11 20.725 15.06
DOR 4.566 -55.04 4.266 -51.48
DOR 5.56 -62.48 4.566 -55.04
DOR 5.746 -65.73 5.56 -62.48
DRA 12.558 69.78 11.523 69.33
DRA 14.073 64.38 12.558 69.78
DRA 15.414 58.96 14.073 64.38
DRA 16.031 58.56 15.414 58.96
DRA 16.399 61.51 16.031 58.56
DRA 17.146 65.71 16.399 61.51
DRA 17.146 65.71 18.346 71.33
DRA 17.506 52.3 17.536 55.18
DRA 17.536 55.18 17.891 56.86
DRA 17.891 56.86 17.943 51.48
DRA 17.891 56.86 18.853 59.38
DRA 17.943 51.48 17.506 52.3
DRA 18.346 71.33 19.209 67.66
DRA 18.351 72.73 17.146 65.71
DRA 18.853 59.38 20.046 67.86
DRA 19.209 67.66 19.344 65.71
DRA 19.258 73.34 18.351 72.73
DRA 19.344 65.71 17.891 56.86
DRA 19.803 70.26 19.258 73.34
DRA 20.046 67.86 19.803 70.26
EQU 21.241 9.99 21.171 10.13
EQU 21.263 5.25 21.241 9.99
ERI 1.628 -57.23 1.933 -51.61
ERI 1.933 -51.61 2.274 -51.51
ERI 2.274 -51.51 2.449 -47.69
ERI 2.449 -47.69 2.663 -42.88
ERI 2.663 -42.88 2.678 -39.85
ERI 2.678 -39.85 2.971 -40.29
ERI 2.734 -13.86 2.939 -8.9
ERI 2.751 -18.56 2.734 -13.86
ERI 2.751 -18.56 3.04 -23.61
ERI 2.939 -8.9 3.263 -8.81
ERI 2.971 -40.29 3.713 -37.31
ERI 3.04 -23.61 3.324 -21.75
ERI 3.263 -8.81 3.548 -9.44
ERI 3.324 -21.75 3.563 -21.63
ERI 3.548 -9.44 3.719 -9.76
ERI 3.563 -21.63 3.779 -23.24
ERI 3.719 -9.76 3.768 -12.1
ERI 3.768 -12.1 3.966 -13.51
ERI 3.779 -23.24 3.895 -24.61
ERI 3.81 -37.61 3.713 -37.31
ERI 3.895 -24.61 3.998 -24.01
ERI 3.966 -13.51 4.225 -7.25
ERI 3.998 -24.01 4.558 -29.76
ERI 4.225 -7.25 4.604 -3.35
ERI 4.298 -33.8 3.81 -37.61
ERI 4.4 -34.01 4.298 -33.8
ERI 4.558 -29.76 4.593 -30.56
ERI 4.593 -30.56 4.4 -34.01
ERI 4.604 -3.35 4.758 -3.25
ERI 4.758 -3.25 5.13 -5.08
GEM 6.248 22.49 6.068 23.26
GEM 6.383 22.51 6.248 22.49
GEM 6.628 16.4 7.068 20.56
GEM 6.731 25.13 6.383 22.51
GEM 6.755 12.9 6.628 16.4
GEM 7.068 20.56 7.334 21.98
GEM 7.334 21.98 7.755 28.03
GEM 7.576 31.88 6.731 25.13
GEM 7.755 28.03 7.576 31.88
GRU 21.898 -37.36 22.101 -39.55
GRU 22.101 -39.55 22.26 -41.35
GRU 22.26 -41.35 22.488 -43.5
GRU 22.488 -43.5 22.136 -46.96
GRU 22.488 -43.5 22.711 -46.88
GRU 22.711 -46.88 22.81 -51.31
GRU 22.711 -46.88 23.173 -45.25
GRU 22.81 -51.31 23.015 -52.74
GRU 23.173 -45.25 23.114 -43.51
HER 16.146 44.93 15.878 42.44
HER 16.328 46.31 16.146 44.93
HER 16.503 21.48 16.365 19.14
HER 16.568 42.43 16.328 46.31
HER 16.688 31.59 16.503 21.48
HER 16.688 31.59 16.714 38.91
HER 16.714 38.91 16.568 42.43
HER 16.714 38.91 17.25 36.81
HER 17.005 30.93 16.688 31.59
HER 17.243 14.38 17.25 24.83
HER 17.25 24.83 17.005 30.93
HER 17.25 24.83 17.511 26.11
HER 17.25 36.81 17.005 30.93
HER 17.25 36.81 17.394 37.14
HER 17.25 36.81 17.658 46.0
HER 17.394 37.14 17.938 37.25
HER 17.511 26.11 17.774 27.71
HER 17.774 27.71 17.963 29.25
HER 17.963 29.25 18.124 28.76
HOR 2.623 -52.54 2.678 -54.55
HOR 2.678 -54.55 3.06 -59.73
HOR 2.71 -50.79 2.623 -52.54
HOR 3.06 -59.73 2.979 -64.06
HOR 4.233 -42.3 2.71 -50.79
HYA 10.084 -13.06 9.858 -14.84
HYA 10.176 -12.35 10.084 -13.06
HYA 10.435 -16.83 10.176 -12.35
HYA 10.826 -16.19 10.435 -16.83
HYA 11.549 -31.84 10.826 -16.19
HYA 11.881 -33.89 11.549 -31.84
HYA 13.314 -23.16 11.881 -33.89
HYA 14.106 -26.68 13.314 -23.16
HYA 8.628 5.7 8.646 3.33
HYA 8.646 3.33 8.719 3.39
HYA 8.719 3.39 8.923 5.95
HYA 8.779 6.41 8.628 5.7
HYA 8.923 5.95 8.779 6.41
HYA 9.239 2.31 8.923 5.95
HYA 9.46 -8.66 9.664 -1.15
HYA 9.664 -1.15 9.239 2.31
HYA 9.858 -14.84 9.46 -8.66
HYI 1.98 -61.56 0.43 -77.24
HYI 2.66 -68.26 1.98 -61.56
HYI 3.786 -74.23 2.66 -68.26
HYI 0.43 -77.24 3.786 -74.23
IND 20.626 -47.28 21.331 -53.44
IND 21.331 -53.44 20.913 -58.44
IND 21.331 -53.44 21.965 -55.0
LAC 22.349 46.53 22.674 44.28
LAC 22.393 52.23 22.521 50.28
LAC 22.408 49.48 22.491 47.69
LAC 22.491 47.69 22.349 46.53
LAC 22.521 50.28 22.408 49.48
LAC 22.674 44.28 22.266 37.75
LEO 10.121 16.76 10.333 19.85
LEO 10.14 11.96 10.121 16.76
LEO 10.278 23.41 9.88 26.0
LEO 10.333 19.85 10.278 23.41
LEO 11.235 20.51 11.236 15.43
LEO 11.236 15.43 10.14 11.96
LEO 11.236 15.43 11.818 14.56
LEO 11.818 14.56 11.235 20.51
LEO 9.88 26.0 9.764 23.76
LEP 5.469 -20.76 5.091 -22.36
LEP 5.469 -20.76 5.741 -22.44
LEP 5.545 -17.81 5.214 -16.19
LEP 5.545 -17.81 5.469 -20.76
LEP 5.741 -22.44 5.855 -20.88
LEP 5.783 -14.81 5.545 -17.81
LEP 5.855 -20.88 5.545 -17.81
LEP 5.939 -14.16 5.783 -14.81
LIB 14.848 -16.05 15.283 -9.38
LIB 15.068 -25.28 14.848 -16.05
LIB 15.068 -25.28 15.616 -28.13
LIB 15.283 -9.38 15.591 -14.78
LIB 15.591 -14.78 15.068 -25.28
LIB 15.616 -28.13 15.644 -29.78
LMI 10.464 36.7 10.123 35.25
LMI 10.464 36.7 10.888 34.21
LUP 14.698 -47.38 15.205 -52.1
LUP 14.974 -43.13 14.698 -47.38
LUP 15.205 -52.1 15.378 -44.68
LUP 15.356 -40.64 14.974 -43.13
LUP 15.363 -36.26 15.356 -40.64
LUP 15.378 -44.68 15.584 -41.16
LUP 15.686 -44.66 15.584 -41.16
LUP 15.85 -33.63 15.363 -36.26
LUP 16.11 -36.8 15.686 -44.66
LUP 16.11 -36.8 15.85 -33.63
LYN 6.326 59.01 6.955 58.41
LYN 6.955 58.41 7.444 49.21
LYN 7.444 49.21 8.141 51.5
LYN 8.141 51.5 8.38 43.18
LYN 9.313 36.8 8.38 43.18
LYN 9.351 34.39 9.313 36.8
LYR 18.615 38.78 18.738 39.66
LYR 18.615 38.78 18.746 37.59
LYR 18.746 37.59 18.834 33.36
LYR 18.834 33.36 18.981 32.68
LYR 18.908 36.9 18.746 37.59
LYR 18.981 32.68 18.908 36.9
MEN 4.919 -74.93 5.045 -71.31
MEN 5.531 -76.33 4.919 -74.93
MEN 6.17 -74.74 5.531 -76.33
MIC 20.833 -33.78 21.021 -32.25
MIC 21.021 -32.25 21.298 -32.16
MIC 21.298 -32.16 21.346 -40.81
MON 6.48 -7.03 6.248 -6.26
MON 7.198 -0.5 6.48 -7.03
MON 7.686 -9.55 7.198 -0.5
MON 8.143 -2.98 7.686 -9.55
MUS 11.759 -66.73 12.293 -67.96
MUS 12.293 -67.96 12.62 -69.13
MUS 12.541 -72.13 13.038 -71.55
MUS 12.62 -69.13 12.541 -72.13
MUS 12.771 -68.1 12.62 -69.13
MUS 13.038 -71.55 12.771 -68.1
NOR 16.053 -49.23 16.33 -50.15
NOR 16.108 -45.16 16.053 -49.23
NOR 16.33 -50.15 16.453 -47.55
NOR 16.453 -47.55 16.108 -45.16
OCT 14.448 -83.66 21.691 -77.38
OCT 21.691 -77.38 22.768 -81.38
OCT 22.768 -81.38 14.448 -83.66
OPH 16.238 -3.7 16.304 -4.69
OPH 16.304 -4.69 16.619 -10.56
OPH 16.514 1.98 16.238 -3.7
OPH 16.619 -10.56 17.173 -15.71
OPH 16.961 9.38 16.514 1.98
OPH 17.173 -15.71 17.798 2.7
OPH 17.581 12.56 16.961 9.38
OPH 17.724 4.56 17.581 12.56
OPH 17.798 2.7 17.724 4.56
OPH 17.798 2.7 18.009 2.93
OPH 18.009 2.93 18.091 2.5
ORI 4.83 6.96 4.843 8.89
ORI 4.843 8.89 4.875 14.25
ORI 4.853 5.6 4.83 6.96
ORI 4.904 2.43 4.853 5.6
ORI 4.975 1.71 4.904 2.43
ORI 5.241 -8.19 5.796 -9.66
ORI 5.293 -6.85 5.241 -8.19
ORI 5.418 6.35 4.975 1.71
ORI 5.418 6.35 5.533 -0.29
ORI 5.533 -0.29 5.293 -6.85
ORI 5.579 9.48 5.418 6.35
ORI 5.68 -1.95 5.919 7.4
ORI 5.796 -9.66 5.68 -1.95
ORI 5.919 7.4 5.579 9.48
ORI 5.919 7.4 6.04 9.65
ORI 6.04 9.65 6.126 14.76
ORI 6.04 9.65 6.198 14.21
ORI 6.126 14.76 5.906 20.28
ORI 6.198 14.21 6.064 20.13
PAV 17.761 -64.71 18.716 -71.43
PAV 18.716 -71.43 20.01 -72.91
PAV 20.01 -72.91 20.75 -66.2
PAV 20.144 -66.18 17.761 -64.71
PAV 20.426 -56.73 20.75 -66.2
PAV 20.75 -66.2 20.144 -66.18
PAV 20.75 -66.2 21.439 -65.36
PEG 0.14 29.08 0.22 15.18
PEG 0.22 15.18 23.079 15.2
PEG 22.116 25.34 21.743 25.65
PEG 22.17 6.2 21.736 9.88
PEG 22.691 10.83 22.17 6.2
PEG 22.716 30.21 22.166 33.18
PEG 22.774 23.56 22.116 25.34
PEG 22.778 12.16 22.691 10.83
PEG 22.833 24.6 22.774 23.56
PEG 23.063 28.08 0.14 29.08
PEG 23.063 28.08 22.716 30.21
PEG 23.063 28.08 22.833 24.6
PEG 23.079 15.2 22.778 12.16
PEG 23.079 15.2 23.063 28.08
PER 2.844 55.89 2.904 52.76
PER 2.844 55.89 3.08 53.5
PER 2.904 52.76 3.151 49.61
PER 3.08 53.5 3.404 49.86
PER 3.136 40.94 3.086 38.83
PER 3.151 49.61 3.158 44.84
PER 3.158 44.84 3.136 40.94
PER 3.404 49.86 3.714 47.78
PER 3.714 47.78 3.753 42.58
PER 3.714 47.78 4.145 47.71
PER 3.753 42.58 3.965 40.01
PER 3.901 31.88 3.738 32.28
PER 3.965 40.01 3.983 35.78
PER 3.983 35.78 3.901 31.88
PER 4.145 47.71 4.248 48.41
PER 4.248 48.41 4.11 50.35
PHE 1.101 -46.71 1.521 -49.06
PHE 1.101 -46.71 0.438 -42.3
PHE 1.139 -55.25 1.101 -46.71
PHE 1.473 -43.31 1.101 -46.71
PHE 1.521 -49.06 1.473 -43.31
PHE 0.438 -42.3 0.156 -45.74
PIC 5.83 -56.16 5.788 -51.06
PIC 6.803 -61.93 5.83 -56.16
PSA 21.748 -33.03 22.139 -32.98
PSA 22.139 -32.98 22.524 -32.34
PSA 22.524 -32.34 22.875 -32.88
PSA 22.875 -32.88 22.931 -32.53
PSA 22.931 -32.53 22.96 -29.61
PSA 22.96 -29.61 22.678 -27.05
PSA 22.96 -29.61 23.156 -21.16
PSC 1.048 7.88 0.811 7.58
PSC 1.228 24.58 1.325 27.26
PSC 1.325 27.26 1.194 30.08
PSC 1.525 15.35 1.228 24.58
PSC 1.69 5.48 1.048 7.88
PSC 1.756 9.15 1.525 15.35
PSC 2.033 2.76 1.69 5.48
PSC 2.033 2.76 1.756 9.15
PSC 23.286 3.28 23.064 3.81
PSC 23.286 3.28 23.466 6.38
PSC 23.448 1.25 23.286 3.28
PSC 23.466 6.38 23.665 5.63
PSC 23.665 5.63 23.7 1.78
PSC 23.7 1.78 23.448 1.25
PSC 23.988 6.86 23.665 5.63
PSC 0.811 7.58 23.988 6.86
PUP 6.629 -43.2 6.831 -50.61
PUP 6.831 -50.61 7.256 -43.98
PUP 7.256 -43.98 6.629 -43.2
PUP 7.256 -43.98 7.486 -43.29
PUP 7.284 -37.09 8.059 -40.0
PUP 7.486 -43.29 7.284 -37.09
PUP 7.729 -28.95 8.059 -40.0
PUP 7.821 -24.86 7.729 -28.95
PUP 8.059 -40.0 7.486 -43.29
PUP 8.125 -24.29 7.821 -24.86
PYX 8.668 -35.3 8.726 -33.18
PYX 8.726 -33.18 8.841 -27.71
RET 3.736 -64.8 4.24 -62.46
RET 3.978 -61.39 4.014 -62.16
RET 4.014 -62.16 3.736 -64.8
RET 4.24 -62.46 4.275 -59.29
RET 4.275 -59.29 3.978 -61.39
SCL 23.313 -32.53 23.815 -28.13
SCL 23.55 -37.81 23.313 -32.53
SCL 23.815 -28.13 0.976 -29.35
SCO 16.004 -22.61 15.979 -26.11
SCO 16.004 -22.61 16.09 -19.8
SCO 16.004 -22.61 16.353 -25.6
SCO 16.353 -25.6 16.49 -26.43
SCO 16.49 -26.43 16.598 -28.21
SCO 16.598 -28.21 16.836 -34.3
SCO 16.836 -34.3 16.864 -38.05
SCO 16.864 -38.05 16.909 -42.36
SCO 16.909 -42.36 17.203 -43.23
SCO 17.203 -43.23 17.621 -42.99
SCO 17.56 -37.1 17.513 -37.3
SCO 17.621 -42.99 17.793 -40.13
SCO 17.708 -39.03 17.56 -37.1
SCO 17.793 -40.13 17.708 -39.03
SCT 18.486 -14.56 18.586 -8.25
SCT 18.586 -8.25 18.786 -4.74
SER 15.579 10.53 15.738 6.43
SER 15.738 6.43 15.846 4.48
SER 15.77 15.41 15.579 10.53
SER 15.811 18.13 15.693 19.66
SER 15.811 18.13 15.77 15.41
SER 15.811 18.13 15.855 20.98
SER 15.811 18.13 15.941 15.66
SER 15.826 -3.43 16.238 -3.7
SER 15.846 4.48 15.826 -3.43
SER 17.346 -12.84 17.173 -15.71
SER 17.626 -15.4 17.346 -12.84
SER 17.69 -12.88 17.626 -15.4
SER 17.983 -9.76 17.69 -12.88
SER 18.354 -2.9 17.983 -9.76
SER 18.936 4.19 18.354 -2.9
SEX 10.131 -0.36 10.504 -0.63
SEX 10.491 -2.73 9.874 -8.09
SEX 10.504 -0.63 10.491 -2.73
SEX 9.874 -8.09 10.131 -0.36
SGE 19.789 18.53 19.668 18.01
SGE 19.789 18.53 19.683 17.48
SGE 19.98 19.49 19.789 18.53
SGR 18.096 -30.41 18.403 -34.38
SGR 18.35 -29.83 18.096 -30.41
SGR 18.403 -34.38 18.35 -29.83
SGR 18.403 -34.38 19.043 -29.88
SGR 18.466 -25.41 18.35 -29.83
SGR 18.761 -26.98 18.466 -25.41
SGR 18.921 -26.29 18.761 -26.98
SGR 18.921 -26.29 19.078 -21.75
SGR 19.043 -29.88 18.761 -26.98
SGR 19.043 -29.88 19.115 -27.66
SGR 19.078 -21.75 18.961 -21.1
SGR 19.078 -21.75 19.163 -21.01
SGR 19.115 -27.66 18.921 -26.29
SGR 19.163 -21.01 19.361 -17.85
SGR 19.376 -44.46 19.398 -40.61
SGR 19.398 -40.61 19.043 -29.88
TAU 3.453 9.73 3.413 9.03
TAU 4.011 12.48 3.453 9.73
TAU 4.329 15.63 4.011 12.48
TAU 4.381 17.55 4.329 15.63
TAU 4.425 17.93 4.381 17.55
TAU 4.476 15.96 4.329 15.63
TAU 4.476 19.18 4.425 17.93
TAU 4.598 16.51 4.476 15.96
TAU 4.703 22.95 4.476 19.18
TAU 5.438 28.6 4.703 22.95
TAU 5.626 21.15 4.598 16.51
TEL 18.45 -45.96 18.186 -45.94
TEL 18.48 -49.06 18.45 -45.96
TRA 15.314 -68.68 16.811 -69.03
TRA 15.611 -66.31 15.314 -68.68
TRA 15.918 -63.43 15.611 -66.31
TRA 16.811 -69.03 15.918 -63.43
TRI 1.885 29.58 2.158 34.98
TRI 1.885 29.58 2.288 33.85
TRI 2.158 34.98 2.288 33.85
TUC 22.308 -60.26 22.455 -64.96
TUC 23.289 -58.23 22.308 -60.26
TUC 23.289 -58.23 0.524 -62.95
TUC 23.998 -65.58 22.455 -64.96
TUC 0.334 -64.88 23.998 -65.58
TUC 0.524 -62.95 0.334 -64.88
UMA 11.03 56.38 11.061 61.74
UMA 11.061 61.74 12.256 57.03
UMA 11.061 61.74 9.525 63.06
UMA 11.161 44.5 10.371 41.49
UMA 11.308 33.09 11.303 31.53
UMA 11.766 47.78 11.161 44.5
UMA 11.766 47.78 11.308 33.09
UMA 11.896 53.69 11.03 56.38
UMA 11.896 53.69 11.766 47.78
UMA 12.256 57.03 11.896 53.69
UMA 12.9 55.96 12.256 57.03
UMA 13.398 54.93 12.9 55.96
UMA 13.791 49.31 13.398 54.93
UMA 8.986 48.05 9.548 51.68
UMA 9.525 63.06 8.505 60.71
UMA 9.548 51.68 9.868 54.06
UMA 9.85 59.03 9.525 63.06
UMA 9.868 54.06 9.85 59.03
UMI 14.844 74.14 15.344 71.83
UMI 15.344 71.83 16.291 75.75
UMI 15.735 77.79 14.844 74.14
UMI 16.291 75.75 15.735 77.79
UMI 16.766 82.03 15.735 77.79
UMI 17.536 86.58 16.766 82.03
UMI 2.53 89.26 17.536 86.58
VEL 10.779 -49.41 9.948 -54.56
VEL 8.158 -47.34 9.133 -43.43
VEL 8.744 -54.69 8.158 -47.34
VEL 9.133 -43.43 9.368 -55.01
VEL 9.133 -43.43 9.511 -40.46
VEL 9.368 -55.01 8.744 -54.69
VEL 9.948 -54.56 9.368 -55.01
VIR 12.331 -0.66 11.845 1.76
VIR 12.694 -1.45 12.331 -0.66
VIR 12.694 -1.45 13.42 -11.16
VIR 12.926 3.4 12.694 -1.45
VIR 13.036 10.96 12.926 3.4
VIR 13.166 17.53 13.198 27.88
VIR 13.198 27.88 12.448 28.26
VIR 13.42 -11.16 14.266 -5.99
VIR 14.026 1.54 13.578 -0.6
VIR 14.266 -5.99 14.718 -5.66
VIR 14.718 -5.66 14.769 1.9
VIR 14.769 1.9 14.026 1.54
VIR 15.463 29.1 15.578 26.71
VIR 15.548 31.36 15.463 29.1
VIR 15.578 26.71 15.711 26.3
VIR 15.711 26.3 15.826 26.06
VIR 15.826 26.06 15.96 26.88
VIR 15.96 26.88 16.023 29.85
VOL 7.146 -70.5 7.279 -67.94
VOL 7.279 -67.94 8.428 -66.13
VOL 7.696 -72.59 7.146 -70.5
VOL 8.131 -68.61 7.696 -72.59
VOL 8.428 -66.13 8.131 -68.61
VOL 9.039 -66.39 8.428 -66.13
VOL 9.183 -58.96 9.285 -59.28
VUL 19.478 24.66 19.269 21.38
VUL 19.478 24.66 19.891 24.08
